cam0:
  cam_overlaps: [1]
  camera_model: pinhole
  distortion_coeffs: [0.43118318105432646, 0.2633241876736009, -0.008406303164169503, 0.00851498208598711]
  distortion_model: radtan
  intrinsics: [502.1332640256569, 501.30297322508153, 326.87512359529296, 171.21555892773173]
  resolution: [640, 360]
  rostopic: /zed_node/left/image_rect_color
cam1:
  T_cn_cnm1:
  - [0.9999999999996688, -1.565028990318306e-07, -7.99826346189197e-07, 3.829141312958827e-07]
  - [1.565020173384175e-07, 0.999999999999381, -1.102355995517134e-06, -6.429446874977444e-08]
  - [7.998265187106104e-07, 1.102355870342331e-06, 0.9999999999990734, -9.918896781420563e-08]
  - [0.0, 0.0, 0.0, 1.0]
  cam_overlaps: [0]
  camera_model: pinhole
  distortion_coeffs: [0.4311817994575493, 0.2633223912112756, -0.008405442234293854, 0.008515378362647888]
  distortion_model: radtan
  intrinsics: [502.1333686383989, 501.3029351989012, 326.87551824540174, 171.21611784283053]
  resolution: [640, 360]
  rostopic: /zed_node/left/image_rect_color
