cam0:
  cam_overlaps: [1]
  camera_model: pinhole
  distortion_coeffs: [-0.2565465337284541, 0.19727456876912786, -0.00043342777879899487, 0.004990670964953238]
  distortion_model: radtan
  intrinsics: [516.3497945752601, 515.4755545010297, 333.0691939430881, 182.05340221911118]
  resolution: [640, 360]
  rostopic: /zed_node/left_raw/image_raw_color
cam1:
  T_cn_cnm1:
  - [0.9999880712756597, -0.000532987528082584, 0.004855227150060005, -0.6306178620809371]
  - [0.0005209577039535744, 0.9999967924842439, 0.0024786335534909055, -1.94189195129436e-05]
  - [-0.004856532657613125, -0.0024760746185662403, 0.9999851414621251, -0.0069749486100859626]
  - [0.0, 0.0, 0.0, 1.0]
  cam_overlaps: [0]
  camera_model: pinhole
  distortion_coeffs: [-0.2505860819044675, 0.15353444949811665, -0.0009996761907644037, 0.004441583986558272]
  distortion_model: radtan
  intrinsics: [517.2763141283752, 516.3763778175684, 333.55095986339774, 181.14656536224453]
  resolution: [640, 360]
  rostopic: /zed_node/right_raw/image_raw_color
